0;2.20777;1000.0;1;0;0;0.0;0
COLLISION_COMPONENT
barrel_col.obj
-1.2656025;1.2656025
-0.340736;2.4679823
-1.2656025;1.2656025
12
-0.9248665;0.0;0.9248665;-0.9248665;2.1272461;-0.9248665;-0.9248665;2.1272461;0.9248665;
-0.9248665;0.0;-0.9248665;0.9248665;2.1272461;-0.9248665;-0.9248665;2.1272461;-0.9248665;
0.9248665;0.0;-0.9248665;0.9248665;2.1272461;0.9248665;0.9248665;2.1272461;-0.9248665;
0.9248665;0.0;0.9248665;-0.9248665;2.1272461;0.9248665;0.9248665;2.1272461;0.9248665;
0.9248665;0.0;0.9248665;-0.9248665;0.0;-0.9248665;-0.9248665;0.0;0.9248665;
-0.9248665;2.1272461;0.9248665;0.9248665;2.1272461;-0.9248665;0.9248665;2.1272461;0.9248665;
-0.9248665;0.0;0.9248665;-0.9248665;0.0;-0.9248665;-0.9248665;2.1272461;-0.9248665;
-0.9248665;0.0;-0.9248665;0.9248665;0.0;-0.9248665;0.9248665;2.1272461;-0.9248665;
0.9248665;0.0;-0.9248665;0.9248665;0.0;0.9248665;0.9248665;2.1272461;0.9248665;
0.9248665;0.0;0.9248665;-0.9248665;0.0;0.9248665;-0.9248665;2.1272461;0.9248665;
0.9248665;0.0;0.9248665;0.9248665;0.0;-0.9248665;-0.9248665;0.0;-0.9248665;
-0.9248665;2.1272461;0.9248665;-0.9248665;2.1272461;-0.9248665;0.9248665;2.1272461;-0.9248665;
</CD>
<END>
