0;16.57146;1000.0;0;1;0;0.0;0
COLLISION_COMPONENT
fence2.obj
-2.777122;4.231374
-3.155101;5.358016
-10.581549;18.79487
12
0.222878;-0.155101;15.79487;0.222878;2.358016;-7.581548;0.222878;2.358016;15.79487;
1.231374;-0.155101;-7.581548;1.231374;2.358016;-7.581548;0.222878;2.358016;-7.581548;
1.231374;-0.155101;15.79487;1.231374;2.358016;15.79487;1.231374;2.358016;-7.581548;
0.222878;-0.155101;15.79487;0.222878;2.358016;15.79487;1.231374;2.358016;15.79487;
1.231374;-0.155101;-7.581548;0.222878;-0.155101;-7.581548;0.222878;-0.155101;15.79487;
0.222878;2.358016;-7.581548;1.231374;2.358016;-7.581548;1.231374;2.358016;15.79487;
0.222878;-0.155101;15.79487;0.222878;-0.155101;-7.581548;0.222878;2.358016;-7.581548;
1.231374;-0.155101;-7.581548;0.222878;2.358016;-7.581548;0.222878;-0.155101;-7.581548;
1.231374;-0.155101;15.79487;1.231374;2.358016;-7.581548;1.231374;-0.155101;-7.581548;
0.222878;-0.155101;15.79487;1.231374;2.358016;15.79487;1.231374;-0.155101;15.79487;
1.231374;-0.155101;-7.581548;0.222878;-0.155101;15.79487;1.231374;-0.155101;15.79487;
0.222878;2.358016;-7.581548;1.231374;2.358016;15.79487;0.222878;2.358016;15.79487;
</CD>
<END>
