1;10.0;1000.0;0;1;0;0.0;0
<BONES>
0;0.0;0.0;-0.0
{
1;-1.26381E-10;3.0763903;1.7459128
{
}
2;-0.5614581;2.245889;1.1332039
{
3;-0.98953354;1.004265;0.7829669
{
}
}
4;0.5973506;2.253507;1.1350629
{
5;0.9570813;1.0177804;0.7821138
{
}
}
6;-0.5528501;2.1887987;-2.1703103
{
7;-0.9169222;0.9402468;-2.872764
{
}
}
8;0.5933025;2.2402198;-2.1802073
{
9;0.88995373;1.0107472;-2.8628654
{
}
}
}
</BONES>
PARTICLE_COMPONENT
7_Smoke;0
2
0.0;0.0;0.0;0
8.093932;0.0;1.0;0.0;12.50235;0.0;3.3750002;-0.8000002
1;0
<END>
