0;4.78438;1000.0;1;0;0;0.0;0
COLLISION_COMPONENT
snow_man_col.obj
-2.207977;2.207977
-0.8292515;5.6546288
-2.207977;2.207977
12
-1.3787255;0.0;1.3787255;-1.3787255;4.8253775;-1.3787255;-1.3787255;4.8253775;1.3787255;
-1.3787255;0.0;-1.3787255;1.3787255;4.8253775;-1.3787255;-1.3787255;4.8253775;-1.3787255;
1.3787255;0.0;-1.3787255;1.3787255;4.8253775;1.3787255;1.3787255;4.8253775;-1.3787255;
1.3787255;0.0;1.3787255;-1.3787255;4.8253775;1.3787255;1.3787255;4.8253775;1.3787255;
1.3787255;0.0;1.3787255;-1.3787255;0.0;-1.3787255;-1.3787255;0.0;1.3787255;
-1.3787255;4.8253775;1.3787255;1.3787255;4.8253775;-1.3787255;1.3787255;4.8253775;1.3787255;
-1.3787255;0.0;1.3787255;-1.3787255;0.0;-1.3787255;-1.3787255;4.8253775;-1.3787255;
-1.3787255;0.0;-1.3787255;1.3787255;0.0;-1.3787255;1.3787255;4.8253775;-1.3787255;
1.3787255;0.0;-1.3787255;1.3787255;0.0;1.3787255;1.3787255;4.8253775;1.3787255;
1.3787255;0.0;1.3787255;-1.3787255;0.0;1.3787255;-1.3787255;4.8253775;1.3787255;
1.3787255;0.0;1.3787255;1.3787255;0.0;-1.3787255;-1.3787255;0.0;-1.3787255;
-1.3787255;4.8253775;1.3787255;-1.3787255;4.8253775;-1.3787255;1.3787255;4.8253775;-1.3787255;
</CD>
<END>
