0;10.0;200.0;0;1;0;0.0;0
PARTICLE_COMPONENT
10_Floaty;0
3;1.0
0.0;4.0;0.0;1;0.0;1.0;0.0;0.435
0.7353063;0.4;12.878762;0.0;4.709819;0.0;128.78763;-7.2
1;0
LIGHT_COMPONENT
0.0;8.0;0.0;0.0;1.5;5.0;0.37;0.03810782;0.013265098
COLLISION_COMPONENT
Alpha.obj
-4.091812;4.091812
0.6292145;8.812838
-4.091812;4.091813
12
-1.0612079;3.6598184;1.0612079;1.0612079;3.6598184;1.0612079;1.0612079;3.6598184;-1.0612079;
-1.0612079;5.782234;1.0612079;-1.0612079;5.782234;-1.0612079;1.0612079;5.782234;-1.0612068;
1.0612068;5.782234;1.0612088;1.0612079;5.782234;-1.0612068;1.0612079;3.6598184;-1.0612079;
-1.0612079;3.6598184;1.0612079;1.0612068;5.782234;1.0612088;1.0612079;3.6598184;1.0612079;
-1.0612079;3.6598184;-1.0612079;-1.0612079;5.782234;1.0612079;-1.0612079;3.6598184;1.0612079;
-1.0612079;3.6598184;-1.0612079;1.0612079;3.6598184;-1.0612079;1.0612079;5.782234;-1.0612068;
-1.0612079;3.6598184;1.0612079;1.0612079;3.6598184;-1.0612079;-1.0612079;3.6598184;-1.0612079;
-1.0612079;5.782234;1.0612079;1.0612079;5.782234;-1.0612068;1.0612068;5.782234;1.0612088;
1.0612068;5.782234;1.0612088;1.0612079;3.6598184;-1.0612079;1.0612079;3.6598184;1.0612079;
-1.0612079;3.6598184;1.0612079;-1.0612079;5.782234;1.0612079;1.0612068;5.782234;1.0612088;
-1.0612079;3.6598184;-1.0612079;-1.0612079;5.782234;-1.0612079;-1.0612079;5.782234;1.0612079;
-1.0612079;3.6598184;-1.0612079;1.0612079;5.782234;-1.0612068;-1.0612079;5.782234;-1.0612079;
</CD>
<END>
