0;10.0;1000.0;0;1;0;0.0;0
PARTICLE_COMPONENT
9_Pink Leaf;0
0;5.12;0.0;1.0;0.0
0.0;8.0;-1.0;0
6.8295436;0.0;0.0;0.0;0.5324;0.3;1.953125;0.39999962
1;0
COLLISION_COMPONENT
treeTop.obj
-5.398795;7.183239
2.0198188;13.052521
-9.480283;5.974708
48
-1.616176;6.193749;-1.300334;-2.398795;7.438343;-5.575378;-2.398795;7.438343;-1.300335;
0.953364;5.019819;-3.936768;3.889756;7.438343;-5.575378;0.953364;7.438343;-5.575378;
3.302791;6.120378;1.898607;3.889756;7.438343;2.974708;3.889756;7.438343;-1.300335;
0.953364;5.704612;0.064341;-2.398795;7.438343;2.974708;0.953364;7.438343;2.974708;
3.302791;6.022551;-1.300334;0.953364;5.019819;-3.936768;0.953364;5.044276;-1.300335;
-2.227597;9.465556;-1.300335;0.953364;10.052521;-6.480282;0.953364;9.832409;-1.300335;
-1.616176;6.193749;-1.300334;-2.398795;7.438343;-1.300335;-2.398795;7.438343;2.974708;
-2.398795;7.438343;2.974708;-2.227597;9.465556;-1.300335;-2.227597;9.465556;2.974708;
-2.398795;7.438343;-1.300335;-2.227597;9.685668;-6.480283;-2.227597;9.465556;-1.300335;
-1.616176;6.291576;-4.7683;0.953364;7.438343;-5.575378;-2.398795;7.438343;-5.575378;
0.953364;7.438343;-5.575378;0.953364;10.052521;-6.480282;-2.227597;9.685668;-6.480283;
3.889756;7.438343;-5.575378;4.183239;9.954693;-6.480282;0.953364;10.052521;-6.480282;
3.302791;6.120378;-4.768301;3.889756;7.438343;-1.300335;3.889756;7.438343;-5.575378;
3.889756;7.438343;-5.575378;4.183239;9.734581;-1.300335;4.183239;9.954693;-6.480282;
3.889756;7.438343;2.974708;4.183239;9.734581;2.974708;4.183239;9.734581;-1.300335;
3.302791;6.120378;1.898607;0.953364;7.438343;2.974708;3.889756;7.438343;2.974708;
3.889756;7.438343;2.974708;0.953364;9.832409;2.974708;4.183239;9.734581;2.974708;
0.953364;7.438343;2.974708;-2.227597;9.465556;2.974708;0.953364;9.832409;2.974708;
3.302791;6.120378;1.898607;0.953364;5.044276;-1.300335;0.953364;5.704612;0.064341;
0.953364;5.704612;0.064341;-1.616176;6.193749;-1.300334;-1.616176;6.291576;1.898607;
0.953364;5.044276;-1.300335;-1.616176;6.291576;-4.7683;-1.616176;6.193749;-1.300334;
-2.227597;9.465556;2.974708;0.953364;9.832409;-1.300335;0.953364;9.832409;2.974708;
0.953364;9.832409;-1.300335;4.183239;9.734581;-1.300335;4.183239;9.734581;2.974708;
0.953364;9.832409;-1.300335;4.183239;9.954693;-6.480282;4.183239;9.734581;-1.300335;
-1.616176;6.193749;-1.300334;-1.616176;6.291576;-4.7683;-2.398795;7.438343;-5.575378;
0.953364;5.019819;-3.936768;3.302791;6.120378;-4.768301;3.889756;7.438343;-5.575378;
3.302791;6.120378;1.898607;3.889756;7.438343;-1.300335;3.302791;6.022551;-1.300334;
0.953364;5.704612;0.064341;-1.616176;6.291576;1.898607;-2.398795;7.438343;2.974708;
3.302791;6.022551;-1.300334;3.302791;6.120378;-4.768301;0.953364;5.019819;-3.936768;
-2.227597;9.465556;-1.300335;-2.227597;9.685668;-6.480283;0.953364;10.052521;-6.480282;
-1.616176;6.193749;-1.300334;-2.398795;7.438343;2.974708;-1.616176;6.291576;1.898607;
-2.398795;7.438343;2.974708;-2.398795;7.438343;-1.300335;-2.227597;9.465556;-1.300335;
-2.398795;7.438343;-1.300335;-2.398795;7.438343;-5.575378;-2.227597;9.685668;-6.480283;
-1.616176;6.291576;-4.7683;0.953364;5.019819;-3.936768;0.953364;7.438343;-5.575378;
0.953364;7.438343;-5.575378;-2.227597;9.685668;-6.480283;-2.398795;7.438343;-5.575378;
3.889756;7.438343;-5.575378;0.953364;10.052521;-6.480282;0.953364;7.438343;-5.575378;
3.302791;6.120378;-4.768301;3.302791;6.022551;-1.300334;3.889756;7.438343;-1.300335;
3.889756;7.438343;-5.575378;3.889756;7.438343;-1.300335;4.183239;9.734581;-1.300335;
3.889756;7.438343;2.974708;4.183239;9.734581;-1.300335;3.889756;7.438343;-1.300335;
3.302791;6.120378;1.898607;0.953364;5.704612;0.064341;0.953364;7.438343;2.974708;
3.889756;7.438343;2.974708;0.953364;7.438343;2.974708;0.953364;9.832409;2.974708;
0.953364;7.438343;2.974708;-2.398795;7.438343;2.974708;-2.227597;9.465556;2.974708;
3.302791;6.120378;1.898607;3.302791;6.022551;-1.300334;0.953364;5.044276;-1.300335;
0.953364;5.704612;0.064341;0.953364;5.044276;-1.300335;-1.616176;6.193749;-1.300334;
0.953364;5.044276;-1.300335;0.953364;5.019819;-3.936768;-1.616176;6.291576;-4.7683;
-2.227597;9.465556;2.974708;-2.227597;9.465556;-1.300335;0.953364;9.832409;-1.300335;
0.953364;9.832409;-1.300335;4.183239;9.734581;2.974708;0.953364;9.832409;2.974708;
0.953364;9.832409;-1.300335;0.953364;10.052521;-6.480282;4.183239;9.954693;-6.480282;
treeTrunk.obj
-4.216591;4.38687
-2.9776812;7.60686
-4.664435;4.309858
12
-1.216591;0.046776;0.380497;-0.144463;4.60686;-1.664435;-0.144463;4.60686;-0.349227;
-1.216591;0.022319;-1.342513;1.146282;4.60686;-1.664435;-0.144463;4.60686;-1.664435;
1.38687;0.022319;-1.342513;1.146282;4.60686;-0.349227;1.146282;4.60686;-1.664435;
1.38687;0.046776;1.309858;-0.144463;4.60686;-0.349227;1.146282;4.60686;-0.349227;
1.38687;0.046776;1.309858;-1.216591;0.022319;-1.342513;-1.216591;0.046776;0.380497;
-0.144463;4.60686;-1.664435;1.146282;4.60686;-1.664435;1.146282;4.60686;-0.349227;
-1.216591;0.046776;0.380497;-1.216591;0.022319;-1.342513;-0.144463;4.60686;-1.664435;
-1.216591;0.022319;-1.342513;1.38687;0.022319;-1.342513;1.146282;4.60686;-1.664435;
1.38687;0.022319;-1.342513;1.38687;0.046776;1.309858;1.146282;4.60686;-0.349227;
1.38687;0.046776;1.309858;-1.216591;0.046776;0.380497;-0.144463;4.60686;-0.349227;
1.38687;0.046776;1.309858;1.38687;0.022319;-1.342513;-1.216591;0.022319;-1.342513;
-0.144463;4.60686;-1.664435;1.146282;4.60686;-0.349227;-0.144463;4.60686;-0.349227;
</CD>
EMITTER_COMPONENT
SOUND_LOOPER_COMPONENT
0.0;0.0
windChimes;50.0
</SOUND_LOOPER>
<END>
