0;10.0;1000.0;0;1;0;0.0;0
PARTICLE_COMPONENT
1_Many Leaves;0
0;5.78;0.0;1.0;0.0
1.0;8.0;-1.0;0
5.7042065;0.0;0.0857375;0.0;0.5324;0.25;2.1969998;0.39999962
1;0
COLLISION_COMPONENT
treeBOT.obj
-3.251007;3.737262
-2.48892;7.288805
-3.795673;3.192596
12
-0.751007;0.01108;0.692596;-0.751007;4.788805;-1.295673;-0.751007;4.788805;0.692596;
1.237262;0.01108;-1.295673;1.237262;4.788805;-1.295673;-0.751007;4.788805;-1.295673;
1.237262;0.01108;0.692596;1.237262;4.788805;0.692596;1.237262;4.788805;-1.295673;
-0.751007;0.01108;0.692596;-0.751007;4.788805;0.692596;1.237262;4.788805;0.692596;
1.237262;0.01108;-1.295673;-0.751007;0.01108;-1.295673;-0.751007;0.01108;0.692596;
-0.751007;4.788805;-1.295673;1.237262;4.788805;-1.295673;1.237262;4.788805;0.692596;
-0.751007;0.01108;0.692596;-0.751007;0.01108;-1.295673;-0.751007;4.788805;-1.295673;
1.237262;0.01108;-1.295673;-0.751007;4.788805;-1.295673;-0.751007;0.01108;-1.295673;
1.237262;0.01108;0.692596;1.237262;4.788805;-1.295673;1.237262;0.01108;-1.295673;
-0.751007;0.01108;0.692596;1.237262;4.788805;0.692596;1.237262;0.01108;0.692596;
1.237262;0.01108;-1.295673;-0.751007;0.01108;0.692596;1.237262;0.01108;0.692596;
-0.751007;4.788805;-1.295673;1.237262;4.788805;0.692596;-0.751007;4.788805;0.692596;
treeTOPP.obj
-5.206376;6.917161
2.195712;11.722599
-7.515316;5.5009327
12
-2.706376;4.695712;3.000933;-2.706376;9.222599;-5.015316;-2.706376;9.222599;3.000933;
4.417161;4.695712;-5.015316;4.417161;9.222599;-5.015316;-2.706376;9.222599;-5.015316;
4.417161;4.695712;3.000933;4.417161;9.222599;3.000933;4.417161;9.222599;-5.015316;
-2.706376;4.695712;3.000933;-2.706376;9.222599;3.000933;4.417161;9.222599;3.000933;
4.417161;4.695712;-5.015316;-2.706376;4.695712;-5.015316;-2.706376;4.695712;3.000933;
-2.706376;9.222599;-5.015316;4.417161;9.222599;-5.015316;4.417161;9.222599;3.000933;
-2.706376;4.695712;3.000933;-2.706376;4.695712;-5.015316;-2.706376;9.222599;-5.015316;
4.417161;4.695712;-5.015316;-2.706376;9.222599;-5.015316;-2.706376;4.695712;-5.015316;
4.417161;4.695712;3.000933;4.417161;9.222599;-5.015316;4.417161;4.695712;-5.015316;
-2.706376;4.695712;3.000933;4.417161;9.222599;3.000933;4.417161;4.695712;3.000933;
4.417161;4.695712;-5.015316;-2.706376;4.695712;3.000933;4.417161;4.695712;3.000933;
-2.706376;9.222599;-5.015316;4.417161;9.222599;3.000933;-2.706376;9.222599;3.000933;
</CD>
<END>
