0;2.65157;1000.0;1;1;0;0.0;0
PARTICLE_COMPONENT
12_Slow;0
2
0.0;0.0;0.0;0
1.9652002;0.0;1.2977874;0.0;0.24565002;0.0;8.615125;-0.40000057
1;0
COLLISION_COMPONENT
presentCollision.obj
-2.6519709;2.6519709
-1.567267;3.569267
-2.634821;2.634821
12
-1.151971;-0.067267;1.134821;-1.151971;-0.067267;-1.134821;-1.151971;2.069267;-1.134821;
-1.151971;-0.067267;-1.134821;1.151971;-0.067267;-1.134821;1.151971;2.069267;-1.134821;
1.151971;-0.067267;-1.134821;1.151971;-0.067267;1.134821;1.151971;2.069267;1.134821;
1.151971;-0.067267;1.134821;-1.151971;-0.067267;1.134821;-1.151971;2.069267;1.134821;
1.151971;-0.067267;1.134821;1.151971;-0.067267;-1.134821;-1.151971;-0.067267;-1.134821;
-1.151971;2.069267;1.134821;-1.151971;2.069267;-1.134821;1.151971;2.069267;-1.134821;
-1.151971;-0.067267;1.134821;-1.151971;2.069267;-1.134821;-1.151971;2.069267;1.134821;
-1.151971;-0.067267;-1.134821;1.151971;2.069267;-1.134821;-1.151971;2.069267;-1.134821;
1.151971;-0.067267;-1.134821;1.151971;2.069267;1.134821;1.151971;2.069267;-1.134821;
1.151971;-0.067267;1.134821;-1.151971;2.069267;1.134821;1.151971;2.069267;1.134821;
1.151971;-0.067267;1.134821;-1.151971;-0.067267;-1.134821;-1.151971;-0.067267;1.134821;
-1.151971;2.069267;1.134821;1.151971;2.069267;-1.134821;1.151971;2.069267;1.134821;
</CD>
<END>
