0;10.0;1000.0;0;1;0;0.0;0
PARTICLE_COMPONENT
3_Real Fire;0
3;0.12500001
0.0;1.95;0.0;0
1.5627937;0.0;0.0;0.0;0.6488937;0.0;46.656002;-0.6000004
1;0
COLLISION_COMPONENT
flameTorch.obj
-9.650486;9.650486
-9.530312;11.378622
-9.650486;9.650486
12
-0.150486;-0.030311;0.150486;-0.150486;1.878622;-0.150486;-0.150486;1.878622;0.150486;
0.150486;-0.030311;-0.150486;0.150486;1.878622;-0.150486;-0.150486;1.878622;-0.150486;
0.150486;-0.030311;0.150486;0.150486;1.878622;0.150486;0.150486;1.878622;-0.150486;
-0.150486;-0.030311;0.150486;-0.150486;1.878622;0.150486;0.150486;1.878622;0.150486;
0.150486;-0.030311;-0.150486;-0.150486;-0.030311;-0.150486;-0.150486;-0.030311;0.150486;
-0.150486;1.878622;-0.150486;0.150486;1.878622;-0.150486;0.150486;1.878622;0.150486;
-0.150486;-0.030311;0.150486;-0.150486;-0.030311;-0.150486;-0.150486;1.878622;-0.150486;
0.150486;-0.030311;-0.150486;-0.150486;1.878622;-0.150486;-0.150486;-0.030311;-0.150486;
0.150486;-0.030311;0.150486;0.150486;1.878622;-0.150486;0.150486;-0.030311;-0.150486;
-0.150486;-0.030311;0.150486;0.150486;1.878622;0.150486;0.150486;-0.030311;0.150486;
0.150486;-0.030311;-0.150486;-0.150486;-0.030311;0.150486;0.150486;-0.030311;0.150486;
-0.150486;1.878622;-0.150486;0.150486;1.878622;0.150486;-0.150486;1.878622;0.150486;
</CD>
LIGHT_COMPONENT
0.0;2.0;0.0;5.0;1.225;1.35;0.73;0.1;0.1
EMITTER_COMPONENT
SOUND_LOOPER_COMPONENT
0.0;0.0
fire;20.596872
</SOUND_LOOPER>
<END>
